{
 "cells": [
  {
   "cell_type": "code",
   "execution_count": 348,
   "id": "20a66271-db5b-43d8-9882-736ec94ebbe0",
   "metadata": {},
   "outputs": [
    {
     "data": {
      "text/html": [
       "<div>\n",
       "<style scoped>\n",
       "    .dataframe tbody tr th:only-of-type {\n",
       "        vertical-align: middle;\n",
       "    }\n",
       "\n",
       "    .dataframe tbody tr th {\n",
       "        vertical-align: top;\n",
       "    }\n",
       "\n",
       "    .dataframe thead th {\n",
       "        text-align: right;\n",
       "    }\n",
       "</style>\n",
       "<table border=\"1\" class=\"dataframe\">\n",
       "  <thead>\n",
       "    <tr style=\"text-align: right;\">\n",
       "      <th></th>\n",
       "      <th>Zeit_Index</th>\n",
       "      <th>X_GT</th>\n",
       "      <th>Y_GT</th>\n",
       "      <th>Heading_GT</th>\n",
       "      <th>Heading</th>\n",
       "      <th>Heading_STD</th>\n",
       "      <th>angle_GT_B0</th>\n",
       "      <th>angleDistorted_B0</th>\n",
       "      <th>STD_angle_B0</th>\n",
       "      <th>angle_GT_B1</th>\n",
       "      <th>...</th>\n",
       "      <th>STD_Richtung_B2</th>\n",
       "      <th>Entfernung_B0</th>\n",
       "      <th>EntfernungDistorted_B0</th>\n",
       "      <th>STD_Entfernung_B0</th>\n",
       "      <th>Entfernung_B1</th>\n",
       "      <th>EntfernungDistorted_B1</th>\n",
       "      <th>STD_Entfernung_B1</th>\n",
       "      <th>Entfernung_B2</th>\n",
       "      <th>EntfernungDistorted_B2</th>\n",
       "      <th>STD_Entfernung_B2</th>\n",
       "    </tr>\n",
       "  </thead>\n",
       "  <tbody>\n",
       "    <tr>\n",
       "      <th>0</th>\n",
       "      <td>0</td>\n",
       "      <td>0.000000</td>\n",
       "      <td>-14.86000</td>\n",
       "      <td>0.000000</td>\n",
       "      <td>-0.176157</td>\n",
       "      <td>0.1</td>\n",
       "      <td>153.65050</td>\n",
       "      <td>153.72280</td>\n",
       "      <td>0.1</td>\n",
       "      <td>89.74577</td>\n",
       "      <td>...</td>\n",
       "      <td>0.1</td>\n",
       "      <td>33.47864</td>\n",
       "      <td>33.52306</td>\n",
       "      <td>0.1</td>\n",
       "      <td>44.86045</td>\n",
       "      <td>44.87264</td>\n",
       "      <td>0.1</td>\n",
       "      <td>30.37215</td>\n",
       "      <td>30.26724</td>\n",
       "      <td>0.1</td>\n",
       "    </tr>\n",
       "    <tr>\n",
       "      <th>1</th>\n",
       "      <td>1</td>\n",
       "      <td>0.000004</td>\n",
       "      <td>-14.76000</td>\n",
       "      <td>0.000000</td>\n",
       "      <td>-0.105557</td>\n",
       "      <td>0.1</td>\n",
       "      <td>153.80120</td>\n",
       "      <td>153.84840</td>\n",
       "      <td>0.1</td>\n",
       "      <td>89.74238</td>\n",
       "      <td>...</td>\n",
       "      <td>0.1</td>\n",
       "      <td>33.43438</td>\n",
       "      <td>33.26051</td>\n",
       "      <td>0.1</td>\n",
       "      <td>44.76044</td>\n",
       "      <td>44.59376</td>\n",
       "      <td>0.1</td>\n",
       "      <td>30.38791</td>\n",
       "      <td>30.29062</td>\n",
       "      <td>0.1</td>\n",
       "    </tr>\n",
       "    <tr>\n",
       "      <th>2</th>\n",
       "      <td>2</td>\n",
       "      <td>-0.000018</td>\n",
       "      <td>-14.65999</td>\n",
       "      <td>-0.034264</td>\n",
       "      <td>-0.112966</td>\n",
       "      <td>0.1</td>\n",
       "      <td>153.92070</td>\n",
       "      <td>154.10630</td>\n",
       "      <td>0.1</td>\n",
       "      <td>89.70728</td>\n",
       "      <td>...</td>\n",
       "      <td>0.1</td>\n",
       "      <td>33.39034</td>\n",
       "      <td>33.42398</td>\n",
       "      <td>0.1</td>\n",
       "      <td>44.66044</td>\n",
       "      <td>44.75883</td>\n",
       "      <td>0.1</td>\n",
       "      <td>30.40402</td>\n",
       "      <td>30.29359</td>\n",
       "      <td>0.1</td>\n",
       "    </tr>\n",
       "    <tr>\n",
       "      <th>3</th>\n",
       "      <td>3</td>\n",
       "      <td>-0.000132</td>\n",
       "      <td>-14.55999</td>\n",
       "      <td>-0.121947</td>\n",
       "      <td>-0.146710</td>\n",
       "      <td>0.1</td>\n",
       "      <td>153.98920</td>\n",
       "      <td>154.03720</td>\n",
       "      <td>0.1</td>\n",
       "      <td>89.62075</td>\n",
       "      <td>...</td>\n",
       "      <td>0.1</td>\n",
       "      <td>33.34645</td>\n",
       "      <td>33.52948</td>\n",
       "      <td>0.1</td>\n",
       "      <td>44.56044</td>\n",
       "      <td>44.49158</td>\n",
       "      <td>0.1</td>\n",
       "      <td>30.42055</td>\n",
       "      <td>30.40926</td>\n",
       "      <td>0.1</td>\n",
       "    </tr>\n",
       "    <tr>\n",
       "      <th>4</th>\n",
       "      <td>4</td>\n",
       "      <td>-0.000541</td>\n",
       "      <td>-14.44000</td>\n",
       "      <td>-0.318981</td>\n",
       "      <td>-0.189665</td>\n",
       "      <td>0.1</td>\n",
       "      <td>153.97740</td>\n",
       "      <td>153.98740</td>\n",
       "      <td>0.1</td>\n",
       "      <td>89.42231</td>\n",
       "      <td>...</td>\n",
       "      <td>0.1</td>\n",
       "      <td>33.29386</td>\n",
       "      <td>33.34529</td>\n",
       "      <td>0.1</td>\n",
       "      <td>44.44045</td>\n",
       "      <td>44.62035</td>\n",
       "      <td>0.1</td>\n",
       "      <td>30.44106</td>\n",
       "      <td>30.60762</td>\n",
       "      <td>0.1</td>\n",
       "    </tr>\n",
       "    <tr>\n",
       "      <th>...</th>\n",
       "      <td>...</td>\n",
       "      <td>...</td>\n",
       "      <td>...</td>\n",
       "      <td>...</td>\n",
       "      <td>...</td>\n",
       "      <td>...</td>\n",
       "      <td>...</td>\n",
       "      <td>...</td>\n",
       "      <td>...</td>\n",
       "      <td>...</td>\n",
       "      <td>...</td>\n",
       "      <td>...</td>\n",
       "      <td>...</td>\n",
       "      <td>...</td>\n",
       "      <td>...</td>\n",
       "      <td>...</td>\n",
       "      <td>...</td>\n",
       "      <td>...</td>\n",
       "      <td>...</td>\n",
       "      <td>...</td>\n",
       "      <td>...</td>\n",
       "    </tr>\n",
       "    <tr>\n",
       "      <th>265</th>\n",
       "      <td>265</td>\n",
       "      <td>41.328620</td>\n",
       "      <td>69.61845</td>\n",
       "      <td>59.433570</td>\n",
       "      <td>59.408400</td>\n",
       "      <td>0.1</td>\n",
       "      <td>-76.26159</td>\n",
       "      <td>-76.41524</td>\n",
       "      <td>0.1</td>\n",
       "      <td>-76.63788</td>\n",
       "      <td>...</td>\n",
       "      <td>0.1</td>\n",
       "      <td>99.67197</td>\n",
       "      <td>99.72206</td>\n",
       "      <td>0.1</td>\n",
       "      <td>57.10678</td>\n",
       "      <td>56.90758</td>\n",
       "      <td>0.1</td>\n",
       "      <td>89.93481</td>\n",
       "      <td>89.97346</td>\n",
       "      <td>0.1</td>\n",
       "    </tr>\n",
       "    <tr>\n",
       "      <th>266</th>\n",
       "      <td>266</td>\n",
       "      <td>42.189680</td>\n",
       "      <td>70.12696</td>\n",
       "      <td>59.439520</td>\n",
       "      <td>59.558880</td>\n",
       "      <td>0.1</td>\n",
       "      <td>-76.39086</td>\n",
       "      <td>-76.30443</td>\n",
       "      <td>0.1</td>\n",
       "      <td>-76.85995</td>\n",
       "      <td>...</td>\n",
       "      <td>0.1</td>\n",
       "      <td>100.64360</td>\n",
       "      <td>100.40500</td>\n",
       "      <td>0.1</td>\n",
       "      <td>58.08017</td>\n",
       "      <td>58.12714</td>\n",
       "      <td>0.1</td>\n",
       "      <td>90.55118</td>\n",
       "      <td>90.44240</td>\n",
       "      <td>0.1</td>\n",
       "    </tr>\n",
       "    <tr>\n",
       "      <th>267</th>\n",
       "      <td>267</td>\n",
       "      <td>43.050770</td>\n",
       "      <td>70.63541</td>\n",
       "      <td>59.438860</td>\n",
       "      <td>59.199150</td>\n",
       "      <td>0.1</td>\n",
       "      <td>-76.52419</td>\n",
       "      <td>-76.69187</td>\n",
       "      <td>0.1</td>\n",
       "      <td>-77.08116</td>\n",
       "      <td>...</td>\n",
       "      <td>0.1</td>\n",
       "      <td>101.61580</td>\n",
       "      <td>101.63140</td>\n",
       "      <td>0.1</td>\n",
       "      <td>59.05442</td>\n",
       "      <td>59.12371</td>\n",
       "      <td>0.1</td>\n",
       "      <td>91.17429</td>\n",
       "      <td>91.02351</td>\n",
       "      <td>0.1</td>\n",
       "    </tr>\n",
       "    <tr>\n",
       "      <th>268</th>\n",
       "      <td>268</td>\n",
       "      <td>43.911870</td>\n",
       "      <td>71.14384</td>\n",
       "      <td>59.442470</td>\n",
       "      <td>59.241200</td>\n",
       "      <td>0.1</td>\n",
       "      <td>-76.65075</td>\n",
       "      <td>-76.61806</td>\n",
       "      <td>0.1</td>\n",
       "      <td>-77.29098</td>\n",
       "      <td>...</td>\n",
       "      <td>0.1</td>\n",
       "      <td>102.58850</td>\n",
       "      <td>102.45380</td>\n",
       "      <td>0.1</td>\n",
       "      <td>60.02951</td>\n",
       "      <td>60.19785</td>\n",
       "      <td>0.1</td>\n",
       "      <td>91.80405</td>\n",
       "      <td>91.62126</td>\n",
       "      <td>0.1</td>\n",
       "    </tr>\n",
       "    <tr>\n",
       "      <th>269</th>\n",
       "      <td>269</td>\n",
       "      <td>44.772980</td>\n",
       "      <td>71.65223</td>\n",
       "      <td>59.444840</td>\n",
       "      <td>59.607390</td>\n",
       "      <td>0.1</td>\n",
       "      <td>-76.77611</td>\n",
       "      <td>-76.75847</td>\n",
       "      <td>0.1</td>\n",
       "      <td>-77.49522</td>\n",
       "      <td>...</td>\n",
       "      <td>0.1</td>\n",
       "      <td>103.56180</td>\n",
       "      <td>103.56060</td>\n",
       "      <td>0.1</td>\n",
       "      <td>61.00540</td>\n",
       "      <td>60.78230</td>\n",
       "      <td>0.1</td>\n",
       "      <td>92.44031</td>\n",
       "      <td>92.53366</td>\n",
       "      <td>0.1</td>\n",
       "    </tr>\n",
       "  </tbody>\n",
       "</table>\n",
       "<p>270 rows × 39 columns</p>\n",
       "</div>"
      ],
      "text/plain": [
       "     Zeit_Index       X_GT      Y_GT  Heading_GT    Heading  Heading_STD  \\\n",
       "0             0   0.000000 -14.86000    0.000000  -0.176157          0.1   \n",
       "1             1   0.000004 -14.76000    0.000000  -0.105557          0.1   \n",
       "2             2  -0.000018 -14.65999   -0.034264  -0.112966          0.1   \n",
       "3             3  -0.000132 -14.55999   -0.121947  -0.146710          0.1   \n",
       "4             4  -0.000541 -14.44000   -0.318981  -0.189665          0.1   \n",
       "..          ...        ...       ...         ...        ...          ...   \n",
       "265         265  41.328620  69.61845   59.433570  59.408400          0.1   \n",
       "266         266  42.189680  70.12696   59.439520  59.558880          0.1   \n",
       "267         267  43.050770  70.63541   59.438860  59.199150          0.1   \n",
       "268         268  43.911870  71.14384   59.442470  59.241200          0.1   \n",
       "269         269  44.772980  71.65223   59.444840  59.607390          0.1   \n",
       "\n",
       "     angle_GT_B0  angleDistorted_B0  STD_angle_B0  angle_GT_B1  ...  \\\n",
       "0      153.65050          153.72280           0.1     89.74577  ...   \n",
       "1      153.80120          153.84840           0.1     89.74238  ...   \n",
       "2      153.92070          154.10630           0.1     89.70728  ...   \n",
       "3      153.98920          154.03720           0.1     89.62075  ...   \n",
       "4      153.97740          153.98740           0.1     89.42231  ...   \n",
       "..           ...                ...           ...          ...  ...   \n",
       "265    -76.26159          -76.41524           0.1    -76.63788  ...   \n",
       "266    -76.39086          -76.30443           0.1    -76.85995  ...   \n",
       "267    -76.52419          -76.69187           0.1    -77.08116  ...   \n",
       "268    -76.65075          -76.61806           0.1    -77.29098  ...   \n",
       "269    -76.77611          -76.75847           0.1    -77.49522  ...   \n",
       "\n",
       "     STD_Richtung_B2  Entfernung_B0  EntfernungDistorted_B0  \\\n",
       "0                0.1       33.47864                33.52306   \n",
       "1                0.1       33.43438                33.26051   \n",
       "2                0.1       33.39034                33.42398   \n",
       "3                0.1       33.34645                33.52948   \n",
       "4                0.1       33.29386                33.34529   \n",
       "..               ...            ...                     ...   \n",
       "265              0.1       99.67197                99.72206   \n",
       "266              0.1      100.64360               100.40500   \n",
       "267              0.1      101.61580               101.63140   \n",
       "268              0.1      102.58850               102.45380   \n",
       "269              0.1      103.56180               103.56060   \n",
       "\n",
       "     STD_Entfernung_B0  Entfernung_B1  EntfernungDistorted_B1  \\\n",
       "0                  0.1       44.86045                44.87264   \n",
       "1                  0.1       44.76044                44.59376   \n",
       "2                  0.1       44.66044                44.75883   \n",
       "3                  0.1       44.56044                44.49158   \n",
       "4                  0.1       44.44045                44.62035   \n",
       "..                 ...            ...                     ...   \n",
       "265                0.1       57.10678                56.90758   \n",
       "266                0.1       58.08017                58.12714   \n",
       "267                0.1       59.05442                59.12371   \n",
       "268                0.1       60.02951                60.19785   \n",
       "269                0.1       61.00540                60.78230   \n",
       "\n",
       "     STD_Entfernung_B1  Entfernung_B2  EntfernungDistorted_B2  \\\n",
       "0                  0.1       30.37215                30.26724   \n",
       "1                  0.1       30.38791                30.29062   \n",
       "2                  0.1       30.40402                30.29359   \n",
       "3                  0.1       30.42055                30.40926   \n",
       "4                  0.1       30.44106                30.60762   \n",
       "..                 ...            ...                     ...   \n",
       "265                0.1       89.93481                89.97346   \n",
       "266                0.1       90.55118                90.44240   \n",
       "267                0.1       91.17429                91.02351   \n",
       "268                0.1       91.80405                91.62126   \n",
       "269                0.1       92.44031                92.53366   \n",
       "\n",
       "     STD_Entfernung_B2  \n",
       "0                  0.1  \n",
       "1                  0.1  \n",
       "2                  0.1  \n",
       "3                  0.1  \n",
       "4                  0.1  \n",
       "..                 ...  \n",
       "265                0.1  \n",
       "266                0.1  \n",
       "267                0.1  \n",
       "268                0.1  \n",
       "269                0.1  \n",
       "\n",
       "[270 rows x 39 columns]"
      ]
     },
     "execution_count": 348,
     "metadata": {},
     "output_type": "execute_result"
    }
   ],
   "source": [
    "import pandas as pd\n",
    "\n",
    "file_path = 'loggut5.csv'\n",
    "\n",
    "# Einlesen der Datei\n",
    "\n",
    "df_head = pd.read_csv(file_path, sep='\\t', header=None, nrows=1, names=[\n",
    "\n",
    "    'Zeit_Index',\n",
    "    'Beacon0_Pos_X', 'Beacon0_Pos_Y',\n",
    "    'Beacon1_Pos_X', 'Beacon1_Pos_Y',\n",
    "    'Beacon2_Pos_X', 'Beacon2_Pos_Y',\n",
    "    'GT_StartPos_X_Boat', 'GT_StartPos_Y_Boat' \n",
    "])\n",
    "\n",
    "\n",
    "# Erst ab 2 Zeile lesen\n",
    "df = pd.read_csv(file_path, sep='\\t', header=None, skiprows=1, names=[\n",
    "    'Zeit_Index',\n",
    "    'X_GT', 'Y_GT',\n",
    "    'Heading_GT', 'Heading', 'Heading_STD',\n",
    "    'angle_GT_B0', 'angleDistorted_B0', 'STD_angle_B0',\n",
    "    'angle_GT_B1', 'angleDistorted_B1', 'STD_angle_B1',\n",
    "    'angle_GT_B2', 'angleDistorted_B2', 'STD_angle_B2',\n",
    "    'Richtung_GT_X_B0', 'Richtung_GT_Y_B0',\n",
    "    'Richtung_X_B0', 'Richtung_Y_B0', 'STD_Richtung_B0',\n",
    "    'Richtung_GT_X_B1', 'Richtung_GT_Y_B1',\n",
    "    'Richtung_X_B1', 'Richtung_Y_B1', 'STD_Richtung_B1',\n",
    "    'Richtung_GT_X_B2', 'Richtung_GT_Y_B2',\n",
    "    'Richtung_X_B2', 'Richtung_Y_B2', 'STD_Richtung_B2',\n",
    "    'Entfernung_B0', 'EntfernungDistorted_B0', 'STD_Entfernung_B0',\n",
    "    'Entfernung_B1', 'EntfernungDistorted_B1', 'STD_Entfernung_B1',\n",
    "    'Entfernung_B2', 'EntfernungDistorted_B2', 'STD_Entfernung_B2'\n",
    "])\n",
    "\n",
    "\n",
    "#df_head\n",
    "\n",
    "#print(df.head())\n",
    "df\n"
   ]
  },
  {
   "cell_type": "code",
   "execution_count": 349,
   "id": "068f27d7-7f93-4005-b896-e2be9cec7ba5",
   "metadata": {},
   "outputs": [
    {
     "name": "stdout",
     "output_type": "stream",
     "text": [
      "0\n",
      "[[1. 0. 0. 0. 0. 0.]\n",
      " [0. 1. 0. 0. 0. 0.]\n",
      " [0. 0. 1. 0. 0. 0.]\n",
      " [0. 0. 0. 1. 0. 0.]\n",
      " [0. 0. 0. 0. 1. 0.]\n",
      " [0. 0. 0. 0. 0. 1.]]\n",
      "1\n",
      "[[ 1.47333811e-02 -4.84378429e-03 -1.61874856e-04 -4.33474962e-04\n",
      "  -9.25641610e-05 -2.40542396e-05]\n",
      " [-4.84378429e-03  3.31964247e-03  5.66777142e-05  3.29103724e-04\n",
      "   8.07050816e-05  1.63728359e-05]\n",
      " [-1.61874856e-04  5.66777142e-05  1.04400743e-05  5.67373924e-06\n",
      "  -2.24279196e-03  5.02822928e-05]\n",
      " [-4.33474962e-04  3.29103724e-04  5.67373924e-06  1.00103265e+00\n",
      "   3.06650185e-06  9.95041119e-02]\n",
      " [-9.25641610e-05  8.07050816e-05 -2.24279196e-03  3.06650185e-06\n",
      "   9.90623457e-01  1.52567959e-07]\n",
      " [-2.40542396e-05  1.63728359e-05  5.02822928e-05  9.95041119e-02\n",
      "   1.52567959e-07  1.00097533e+00]]\n",
      "2\n",
      "[[ 7.41112678e-03 -2.43985469e-03 -7.97368025e-05  1.86298072e-05\n",
      "   1.79753055e-05  2.05155984e-05]\n",
      " [-2.43985469e-03  2.31793794e-03  7.80811274e-05  1.29968061e-02\n",
      "   5.68654708e-04  1.89297035e-03]\n",
      " [-7.97368025e-05  7.80811274e-05  3.97479377e-05  1.01544995e-03\n",
      "   3.72762374e-04  3.56993605e-04]\n",
      " [ 1.86298072e-05  1.29968061e-02  1.01544995e-03  2.64096591e-01\n",
      "   1.06211523e-02  8.72306106e-02]\n",
      " [ 1.79753055e-05  5.68654708e-04  3.72762374e-04  1.06211523e-02\n",
      "   5.19727772e-03  2.67325545e-03]\n",
      " [ 2.05155984e-05  1.89297035e-03  3.56993605e-04  8.72306106e-02\n",
      "   2.67325545e-03  9.85528960e-01]]\n",
      "3\n",
      "[[ 4.87993211e-03 -1.62494192e-03 -8.43501451e-05 -1.11492633e-04\n",
      "  -1.67788493e-04 -5.16133071e-05]\n",
      " [-1.62494192e-03  1.88712193e-03  2.03104361e-05  7.99096963e-03\n",
      "   4.71589938e-05  3.01155591e-03]\n",
      " [-8.43501451e-05  2.03104361e-05  1.18397661e-05 -1.11192477e-04\n",
      "   4.60478478e-05 -1.43040787e-04]\n",
      " [-1.11492633e-04  7.99096963e-03 -1.11192477e-04  8.98506168e-02\n",
      "  -9.03314503e-04  1.09862347e-01]\n",
      " [-1.67788493e-04  4.71589938e-05  4.60478478e-05 -9.03314503e-04\n",
      "   1.62233168e-03 -1.60296737e-03]\n",
      " [-5.16133071e-05  3.01155591e-03 -1.43040787e-04  1.09862347e-01\n",
      "  -1.60296737e-03  9.58065998e-01]]\n",
      "4\n",
      "[[ 3.61532739e-03 -1.21503706e-03 -5.81607848e-05 -1.34531482e-04\n",
      "  -2.77377209e-05 -3.25364121e-04]\n",
      " [-1.21503706e-03  1.58122381e-03  4.30849551e-05  5.54118325e-03\n",
      "   2.17159137e-04  5.01492903e-03]\n",
      " [-5.81607848e-05  4.30849551e-05  6.76865033e-06  2.09987461e-04\n",
      "   2.01338993e-05  5.74808651e-04]\n",
      " [-1.34531482e-04  5.54118325e-03  2.09987461e-04  5.32236041e-02\n",
      "   1.26587652e-03  1.34376719e-01]\n",
      " [-2.77377209e-05  2.17159137e-04  2.01338993e-05  1.26587652e-03\n",
      "   1.54018302e-03  2.96336738e-03]\n",
      " [-3.25364121e-04  5.01492903e-03  5.74808651e-04  1.34376719e-01\n",
      "   2.96336738e-03  8.80920043e-01]]\n",
      "5\n",
      "[[ 2.86641975e-03 -9.30527118e-04 -3.56945152e-05  2.10675525e-04\n",
      "   6.27425149e-05  4.95173615e-04]\n",
      " [-9.30527118e-04  1.29727361e-03 -4.46862027e-06  4.13888395e-03\n",
      "  -1.60490228e-04  5.68076029e-03]\n",
      " [-3.56945152e-05 -4.46862027e-06  6.08867827e-06 -1.86372174e-04\n",
      "   2.46138046e-05 -5.76317025e-04]\n",
      " [ 2.10675525e-04  4.13888395e-03 -1.86372174e-04  4.33733473e-02\n",
      "  -1.97834627e-03  1.36967107e-01]\n",
      " [ 6.27425149e-05 -1.60490228e-04  2.46138046e-05 -1.97834627e-03\n",
      "   1.53392463e-03 -6.23311511e-03]\n",
      " [ 4.95173615e-04  5.68076029e-03 -5.76317025e-04  1.36967107e-01\n",
      "  -6.23311511e-03  7.14993510e-01]]\n",
      "6\n",
      "[[ 2.37259901e-03 -7.72468702e-04 -2.68702648e-05  1.51237080e-04\n",
      "   3.13913520e-05  1.31386495e-04]\n",
      " [-7.72468702e-04  1.26946038e-03 -2.40103602e-05  4.68360512e-03\n",
      "  -1.28427825e-04  9.37931971e-03]\n",
      " [-2.68702648e-05 -2.40103602e-05  6.26300328e-06 -3.31702563e-04\n",
      "   2.04713435e-05 -9.88873569e-04]\n",
      " [ 1.51237080e-04  4.68360512e-03 -3.31702563e-04  4.72180434e-02\n",
      "  -1.82071933e-03  1.44725142e-01]\n",
      " [ 3.13913520e-05 -1.28427825e-04  2.04713435e-05 -1.82071933e-03\n",
      "   1.42512977e-03 -5.98303567e-03]\n",
      " [ 1.31386495e-04  9.37931971e-03 -9.88873569e-04  1.44725142e-01\n",
      "  -5.98303567e-03  5.86218196e-01]]\n",
      "7\n",
      "[[ 2.01971559e-03 -6.61479069e-04 -2.17285214e-05  9.43330909e-05\n",
      "   1.07475999e-05 -1.16414874e-04]\n",
      " [-6.61479069e-04  1.26670597e-03 -3.49990858e-05  4.99512132e-03\n",
      "  -9.50757390e-05  1.04766057e-02]\n",
      " [-2.17285214e-05 -3.49990858e-05  7.02499064e-06 -3.82861639e-04\n",
      "   2.10086433e-05 -1.02452515e-03]\n",
      " [ 9.43330909e-05  4.99512132e-03 -3.82861639e-04  4.55477236e-02\n",
      "  -1.55904921e-03  1.25128424e-01]\n",
      " [ 1.07475999e-05 -9.50757390e-05  2.10086433e-05 -1.55904921e-03\n",
      "   1.37651891e-03 -4.88311287e-03]\n",
      " [-1.16414874e-04  1.04766057e-02 -1.02452515e-03  1.25128424e-01\n",
      "  -4.88311287e-03  4.23496601e-01]]\n",
      "8\n",
      "[[ 1.75325350e-03 -5.85961482e-04 -1.92713315e-05 -2.66066404e-06\n",
      "  -7.15730724e-06 -3.94562208e-04]\n",
      " [-5.85961482e-04  1.17645912e-03 -6.51289311e-05  4.32597582e-03\n",
      "  -2.89081617e-04  8.25400474e-03]\n",
      " [-1.92713315e-05 -6.51289311e-05  1.42826557e-05 -5.80160951e-04\n",
      "   6.49252215e-05 -1.38210325e-03]\n",
      " [-2.66066404e-06  4.32597582e-03 -5.80160951e-04  3.54346348e-02\n",
      "  -3.04147923e-03  8.51402919e-02]\n",
      " [-7.15730724e-06 -2.89081617e-04  6.49252215e-05 -3.04147923e-03\n",
      "   1.62993825e-03 -7.98067679e-03]\n",
      " [-3.94562208e-04  8.25400474e-03 -1.38210325e-03  8.51402919e-02\n",
      "  -7.98067679e-03  2.54985068e-01]]\n",
      "9\n",
      "[[ 1.54719661e-03 -5.16296141e-04 -1.47604601e-05  1.89999452e-05\n",
      "   1.33470180e-05 -3.34513750e-04]\n",
      " [-5.16296141e-04  1.05515068e-03 -1.05077295e-04  3.45089721e-03\n",
      "  -4.59519415e-04  5.80387427e-03]\n",
      " [-1.47604601e-05 -1.05077295e-04  3.02016199e-05 -7.95067042e-04\n",
      "   1.41215360e-04 -1.68189978e-03]\n",
      " [ 1.89999452e-05  3.45089721e-03 -7.95067042e-04  2.57101059e-02\n",
      "  -3.95660076e-03  5.39371591e-02]\n",
      " [ 1.33470180e-05 -4.59519415e-04  1.41215360e-04 -3.95660076e-03\n",
      "   2.02243736e-03 -9.07161109e-03]\n",
      " [-3.34513750e-04  5.80387427e-03 -1.68189978e-03  5.39371591e-02\n",
      "  -9.07161109e-03  1.48625671e-01]]\n",
      "10\n",
      "[[ 1.38475123e-03 -4.69929877e-04 -8.31054837e-06 -2.04210206e-05\n",
      "   2.85404804e-05 -4.10595734e-04]\n",
      " [-4.69929877e-04  1.06565650e-03 -1.21034036e-04  3.50014040e-03\n",
      "  -3.08776518e-04  5.63602152e-03]\n",
      " [-8.31054837e-06 -1.21034036e-04  3.21060950e-05 -8.09609307e-04\n",
      "   9.96773764e-05 -1.54244803e-03]\n",
      " [-2.04210206e-05  3.50014040e-03 -8.09609307e-04  2.36644919e-02\n",
      "  -2.67732797e-03  4.46196536e-02]\n",
      " [ 2.85404804e-05 -3.08776518e-04  9.96773764e-05 -2.67732797e-03\n",
      "   1.66871226e-03 -5.71105688e-03]\n",
      " [-4.10595734e-04  5.63602152e-03 -1.54244803e-03  4.46196536e-02\n",
      "  -5.71105688e-03  1.11444138e-01]]\n",
      "11\n",
      "[[ 1.24921986e-03 -4.38744793e-04 -6.01631749e-06 -8.90966777e-05\n",
      "   2.09083315e-06 -5.29402750e-04]\n",
      " [-4.38744793e-04  1.02080789e-03 -1.42165611e-04  3.13632115e-03\n",
      "  -3.97132539e-04  4.62834478e-03]\n",
      " [-6.01631749e-06 -1.42165611e-04  4.41778811e-05 -8.62282853e-04\n",
      "   1.53710370e-04 -1.47622139e-03]\n",
      " [-8.90966777e-05  3.13632115e-03 -8.62282853e-04  1.94106190e-02\n",
      "  -3.09243891e-03  3.26389116e-02]\n",
      " [ 2.09083315e-06 -3.97132539e-04  1.53710370e-04 -3.09243891e-03\n",
      "   1.89033653e-03 -5.88487157e-03]\n",
      " [-5.29402750e-04  4.62834478e-03 -1.47622139e-03  3.26389116e-02\n",
      "  -5.88487157e-03  7.72490057e-02]]\n",
      "12\n",
      "[[ 1.13823083e-03 -4.02719236e-04 -2.26284240e-06 -7.33333992e-05\n",
      "   2.33983312e-05 -4.83472859e-04]\n",
      " [-4.02719236e-04  9.69453446e-04 -1.68774435e-04  2.78600364e-03\n",
      "  -4.73173702e-04  3.77302812e-03]\n",
      " [-2.26284240e-06 -1.68774435e-04  6.15194269e-05 -9.36856553e-04\n",
      "   2.10487940e-04 -1.45537815e-03]\n",
      " [-7.33333992e-05  2.78600364e-03 -9.36856553e-04  1.61334062e-02\n",
      "  -3.29579362e-03  2.43516107e-02]\n",
      " [ 2.33983312e-05 -4.73173702e-04  2.10487940e-04 -3.29579362e-03\n",
      "   2.10887071e-03 -5.68242838e-03]\n",
      " [-4.83472859e-04  3.77302812e-03 -1.45537815e-03  2.43516107e-02\n",
      "  -5.68242838e-03  5.59526015e-02]]\n",
      "13\n",
      "[[ 1.04589674e-03 -3.78129558e-04  2.51110751e-06 -8.89862845e-05\n",
      "   3.03771474e-05 -4.93808873e-04]\n",
      " [-3.78129558e-04  9.53069136e-04 -1.92115984e-04  2.64319420e-03\n",
      "  -4.56432384e-04  3.34599479e-03]\n",
      " [ 2.51110751e-06 -1.92115984e-04  7.62125444e-05 -9.90395773e-04\n",
      "   2.30490462e-04 -1.40901761e-03]\n",
      " [-8.89862845e-05  2.64319420e-03 -9.90395773e-04  1.44253821e-02\n",
      "  -3.07096418e-03  1.98022875e-02]\n",
      " [ 3.03771474e-05 -4.56432384e-04  2.30490462e-04 -3.07096418e-03\n",
      "   2.12132119e-03 -4.89276622e-03]\n",
      " [-4.93808873e-04  3.34599479e-03 -1.40901761e-03  1.98022875e-02\n",
      "  -4.89276622e-03  4.42538868e-02]]\n",
      "14\n",
      "[[ 9.67522821e-04 -3.58712573e-04  7.71808528e-06 -1.05856043e-04\n",
      "   3.66307347e-05 -5.04290564e-04]\n",
      " [-3.58712573e-04  9.06747466e-04 -2.12756759e-04  2.34955926e-03\n",
      "  -4.99889840e-04  2.75021178e-03]\n",
      " [ 7.71808528e-06 -2.12756759e-04  9.72267892e-05 -1.02605073e-03\n",
      "   2.95469566e-04 -1.34155201e-03]\n",
      " [-1.05856043e-04  2.34955926e-03 -1.02605073e-03  1.22042446e-02\n",
      "  -3.17578498e-03  1.52159633e-02]\n",
      " [ 3.66307347e-05 -4.99889840e-04  2.95469566e-04 -3.17578498e-03\n",
      "   2.36701101e-03 -4.66548291e-03]\n",
      " [-5.04290564e-04  2.75021178e-03 -1.34155201e-03  1.52159633e-02\n",
      "  -4.66548291e-03  3.45224509e-02]]\n",
      "15\n",
      "[[ 8.99724121e-04 -3.44407129e-04  1.34764892e-05 -1.29638878e-04\n",
      "   4.12443141e-05 -5.22256662e-04]\n",
      " [-3.44407129e-04  8.67405164e-04 -2.36722818e-04  2.11535507e-03\n",
      "  -5.32457046e-04  2.30288051e-03]\n",
      " [ 1.34764892e-05 -2.36722818e-04  1.25532674e-04 -1.08048514e-03\n",
      "   3.72681978e-04 -1.30826238e-03]\n",
      " [-1.29638878e-04  2.11535507e-03 -1.08048514e-03  1.05546989e-02\n",
      "  -3.25286969e-03  1.20303039e-02]\n",
      " [ 4.12443141e-05 -5.32457046e-04  3.72681978e-04 -3.25286969e-03\n",
      "   2.63764255e-03 -4.44223597e-03]\n",
      " [-5.22256662e-04  2.30288051e-03 -1.30826238e-03  1.20303039e-02\n",
      "  -4.44223597e-03  2.81555705e-02]]\n",
      "16\n",
      "[[ 8.40722167e-04 -3.32289455e-04  1.85844691e-05 -1.49114522e-04\n",
      "   4.25317512e-05 -5.33331232e-04]\n",
      " [-3.32289455e-04  8.55190672e-04 -2.57456165e-04  2.04900093e-03\n",
      "  -4.90158217e-04  2.11343868e-03]\n",
      " [ 1.85844691e-05 -2.57456165e-04  1.47572766e-04 -1.13794137e-03\n",
      "   3.91791129e-04 -1.29016167e-03]\n",
      " [-1.49114522e-04  2.04900093e-03 -1.13794137e-03  9.97113206e-03\n",
      "  -3.05799679e-03  1.05832292e-02]\n",
      " [ 4.25317512e-05 -4.90158217e-04  3.91791129e-04 -3.05799679e-03\n",
      "   2.64357229e-03 -3.95417758e-03]\n",
      " [-5.33331232e-04  2.11343868e-03 -1.29016167e-03  1.05832292e-02\n",
      "  -3.95417758e-03  2.48663990e-02]]\n",
      "17\n",
      "[[ 7.89133358e-04 -3.22623082e-04  2.53358162e-05 -1.65301313e-04\n",
      "   5.39255260e-05 -5.39051262e-04]\n",
      " [-3.22623082e-04  8.26825482e-04 -2.78409476e-04  1.89004566e-03\n",
      "  -5.18080876e-04  1.83088445e-03]\n",
      " [ 2.53358162e-05 -2.78409476e-04  1.79163616e-04 -1.18263456e-03\n",
      "   4.71383553e-04 -1.25825485e-03]\n",
      " [-1.65301313e-04  1.89004566e-03 -1.18263456e-03  8.95916615e-03\n",
      "  -3.13998373e-03  8.82197732e-03]\n",
      " [ 5.39255260e-05 -5.18080876e-04  4.71383553e-04 -3.13998373e-03\n",
      "   2.91375784e-03 -3.83149980e-03]\n",
      " [-5.39051262e-04  1.83088445e-03 -1.25825485e-03  8.82197732e-03\n",
      "  -3.83149980e-03  2.16870449e-02]]\n",
      "18\n",
      "[[ 7.43416360e-04 -3.15705336e-04  3.25339517e-05 -1.86901181e-04\n",
      "   6.13922921e-05 -5.51177065e-04]\n",
      " [-3.15705336e-04  8.10631724e-04 -3.00629529e-04  1.80840344e-03\n",
      "  -5.19071043e-04  1.66425500e-03]\n",
      " [ 3.25339517e-05 -3.00629529e-04  2.12464496e-04 -1.24535958e-03\n",
      "   5.32970618e-04 -1.25595025e-03]\n",
      " [-1.86901181e-04  1.80840344e-03 -1.24535958e-03  8.42680928e-03\n",
      "  -3.14577574e-03  7.80637924e-03]\n",
      " [ 6.13922921e-05 -5.19071043e-04  5.32970618e-04 -3.14577574e-03\n",
      "   3.08492945e-03 -3.66362185e-03]\n",
      " [-5.51177065e-04  1.66425500e-03 -1.25595025e-03  7.80637924e-03\n",
      "  -3.66362185e-03  1.97517869e-02]]\n",
      "19\n",
      "[[ 7.03096543e-04 -3.10528470e-04  4.11786976e-05 -2.06486114e-04\n",
      "   7.43398097e-05 -5.60559340e-04]\n",
      " [-3.10528470e-04  7.94528825e-04 -3.23123996e-04  1.72833306e-03\n",
      "  -5.29920876e-04  1.51495357e-03]\n",
      " [ 4.11786976e-05 -3.23123996e-04  2.50264320e-04 -1.30788092e-03\n",
      "   6.06679987e-04 -1.25806249e-03]\n",
      " [-2.06486114e-04  1.72833306e-03 -1.30788092e-03  7.93983767e-03\n",
      "  -3.18812098e-03  6.95847619e-03]\n",
      " [ 7.43398097e-05 -5.29920876e-04  6.06679987e-04 -3.18812098e-03\n",
      "   3.29311032e-03 -3.56224400e-03]\n",
      " [-5.60559340e-04  1.51495357e-03 -1.25806249e-03  6.95847619e-03\n",
      "  -3.56224400e-03  1.82420255e-02]]\n",
      "20\n",
      "[[ 6.68006682e-04 -3.07172969e-04  5.24196969e-05 -2.24618494e-04\n",
      "   9.46866628e-05 -5.68289315e-04]\n",
      " [-3.07172969e-04  7.75841524e-04 -3.47723027e-04  1.63416121e-03\n",
      "  -5.57071808e-04  1.36415724e-03]\n",
      " [ 5.24196969e-05 -3.47723027e-04  2.97691277e-04 -1.37229782e-03\n",
      "   7.07844989e-04 -1.26511441e-03]\n",
      " [-2.24618494e-04  1.63416121e-03 -1.37229782e-03  7.40606361e-03\n",
      "  -3.27948376e-03  6.15408681e-03]\n",
      " [ 9.46866628e-05 -5.57071808e-04  7.07844989e-04 -3.27948376e-03\n",
      "   3.57901797e-03 -3.52619815e-03]\n",
      " [-5.68289315e-04  1.36415724e-03 -1.26511441e-03  6.15408681e-03\n",
      "  -3.52619815e-03  1.69557394e-02]]\n",
      "21\n",
      "[[ 6.37443700e-04 -3.06486266e-04  6.59735644e-05 -2.49842582e-04\n",
      "   1.15237352e-04 -5.83909946e-04]\n",
      " [-3.06486266e-04  7.61775303e-04 -3.75054502e-04  1.56803023e-03\n",
      "  -5.79464382e-04  1.25548426e-03]\n",
      " [ 6.59735644e-05 -3.75054502e-04  3.52896602e-04 -1.45083213e-03\n",
      "   8.14715392e-04 -1.29122694e-03]\n",
      " [-2.49842582e-04  1.56803023e-03 -1.45083213e-03  7.02919858e-03\n",
      "  -3.36367293e-03  5.58749605e-03]\n",
      " [ 1.15237352e-04 -5.79464382e-04  8.14715392e-04 -3.36367293e-03\n",
      "   3.85304653e-03 -3.50058847e-03]\n",
      " [-5.83909946e-04  1.25548426e-03 -1.29122694e-03  5.58749605e-03\n",
      "  -3.50058847e-03  1.60471689e-02]]\n",
      "22\n",
      "[[ 6.11045024e-04 -3.08023836e-04  8.20902671e-05 -2.78778176e-04\n",
      "   1.38569713e-04 -6.03296952e-04]\n",
      " [-3.08023836e-04  7.50963201e-04 -4.04528879e-04  1.51873957e-03\n",
      "  -6.01490961e-04  1.17279997e-03]\n",
      " [ 8.20902671e-05 -4.04528879e-04  4.15625821e-04 -1.53764396e-03\n",
      "   9.28602081e-04 -1.32890578e-03]\n",
      " [-2.78778176e-04  1.51873957e-03 -1.53764396e-03  6.74164402e-03\n",
      "  -3.44764605e-03  5.16167754e-03]\n",
      " [ 1.38569713e-04 -6.01490961e-04  9.28602081e-04 -3.44764605e-03\n",
      "   4.12488052e-03 -3.48882388e-03]\n",
      " [-6.03296952e-04  1.17279997e-03 -1.32890578e-03  5.16167754e-03\n",
      "  -3.48882388e-03  1.53700366e-02]]\n",
      "23\n",
      "[[ 5.88568292e-04 -3.11513916e-04  9.94899648e-05 -3.12262852e-04\n",
      "   1.59678919e-04 -6.27923651e-04]\n",
      " [-3.11513916e-04  7.46613125e-04 -4.33786403e-04  1.50770193e-03\n",
      "  -6.09207020e-04  1.13567366e-03]\n",
      " [ 9.94899648e-05 -4.33786403e-04  4.76370476e-04 -1.63563069e-03\n",
      "   1.01729754e-03 -1.38424658e-03]\n",
      " [-3.12262852e-04  1.50770193e-03 -1.63563069e-03  6.65914657e-03\n",
      "  -3.50453069e-03  4.97317213e-03]\n",
      " [ 1.59678919e-04 -6.09207020e-04  1.01729754e-03 -3.50453069e-03\n",
      "   4.30061240e-03 -3.47492325e-03]\n",
      " [-6.27923651e-04  1.13567366e-03 -1.38424658e-03  4.97317213e-03\n",
      "  -3.47492325e-03  1.49880609e-02]]\n",
      "24\n",
      "[[ 0.0005697  -0.00031679  0.00011992 -0.00034531  0.00018719 -0.00065157]\n",
      " [-0.00031679  0.00074133 -0.0004649   0.00147668 -0.00063458  0.00108149]\n",
      " [ 0.00011992 -0.0004649   0.00054796 -0.00172148  0.00113919 -0.00142603]\n",
      " [-0.00034531  0.00147668 -0.00172148  0.00644553 -0.0035887   0.00467937]\n",
      " [ 0.00018719 -0.00063458  0.00113919 -0.0035887   0.00457168 -0.00348202]\n",
      " [-0.00065157  0.00108149 -0.00142603  0.00467937 -0.00348202  0.01454844]]\n",
      "25\n",
      "[[ 0.00055444 -0.00032361  0.00014436 -0.00037705  0.00022236 -0.00067355]\n",
      " [-0.00032361  0.00073391 -0.00049775  0.0014294  -0.00066808  0.00101579]\n",
      " [ 0.00014436 -0.00049775  0.00063318 -0.00180038  0.00128973 -0.00146089]\n",
      " [-0.00037705  0.0014294  -0.00180038  0.00615078 -0.0036755   0.00433226]\n",
      " [ 0.00022236 -0.00066808  0.00128973 -0.0036755   0.00490372 -0.00349124]\n",
      " [-0.00067355  0.00101579 -0.00146089  0.00433226 -0.00349124  0.01409773]]\n",
      "26\n",
      "[[ 0.00054227 -0.00033235  0.00017173 -0.00041575  0.00025738 -0.00070267]\n",
      " [-0.00033235  0.00072992 -0.00053262  0.00140667 -0.00069402  0.0009786 ]\n",
      " [ 0.00017173 -0.00053262  0.00072524 -0.00189722  0.00143396 -0.00151678]\n",
      " [-0.00041575  0.00140667 -0.00189722  0.0059916  -0.00375773  0.00413243]\n",
      " [ 0.00025738 -0.00069402  0.00143396 -0.00375773  0.00518609 -0.00350959]\n",
      " [-0.00070267  0.0009786  -0.00151678  0.00413243 -0.00350959  0.01381495]]\n",
      "27\n",
      "[[ 0.00053408 -0.00034257  0.00020496 -0.00044901  0.0003043  -0.00072561]\n",
      " [-0.00034257  0.0007229  -0.00056926  0.00135841 -0.00073007  0.00091889]\n",
      " [ 0.00020496 -0.00056926  0.00083495 -0.00197594  0.00161526 -0.00155281]\n",
      " [-0.00044901  0.00135841 -0.00197594  0.00569965 -0.00382838  0.00382118]\n",
      " [ 0.0003043  -0.00073007  0.00161526 -0.00382838  0.00554947 -0.00351071]\n",
      " [-0.00072561  0.00091889 -0.00155281  0.00382118 -0.00351071  0.0134507 ]]\n",
      "28\n",
      "[[ 0.00052972 -0.00035496  0.00024398 -0.00048803  0.00035607 -0.00075395]\n",
      " [-0.00035496  0.000717   -0.0006087   0.0013196  -0.00076383  0.00087133]\n",
      " [ 0.00024398 -0.0006087   0.00095979 -0.00206462  0.00180841 -0.00159914]\n",
      " [-0.00048803  0.0013196  -0.00206462  0.00546168 -0.00389464  0.00357277]\n",
      " [ 0.00035607 -0.00076383  0.00180841 -0.00389464  0.00590763 -0.00351313]\n",
      " [-0.00075395  0.00087133 -0.00159914  0.00357277 -0.00351313  0.01316348]]\n",
      "29\n",
      "[[ 0.00052948 -0.00036891  0.00029036 -0.00052511  0.00041775 -0.00077947]\n",
      " [-0.00036891  0.00070888 -0.00064945  0.00126689 -0.00079905  0.00081256]\n",
      " [ 0.00029036 -0.00064945  0.00110494 -0.00213901  0.00203061 -0.00162986]\n",
      " [-0.00052511  0.00126689 -0.00213901  0.0051593  -0.00393399  0.00327589]\n",
      " [ 0.00041775 -0.00079905  0.00203061 -0.00393399  0.00630968 -0.00348743]\n",
      " [-0.00077947  0.00081256 -0.00162986  0.00327589 -0.00348743  0.01284814]]\n",
      "30\n",
      "[[ 0.00053405 -0.00038394  0.00034618 -0.00055558  0.00049232 -0.00079754]\n",
      " [-0.00038394  0.00069614 -0.00068979  0.00119058 -0.00083249  0.00073398]\n",
      " [ 0.00034618 -0.00068979  0.00127566 -0.00218518  0.00228895 -0.0016314 ]\n",
      " [-0.00055558  0.00119058 -0.00218518  0.00475962 -0.00392262  0.00290257]\n",
      " [ 0.00049232 -0.00083249  0.00228895 -0.00392262  0.00676522 -0.00341088]\n",
      " [-0.00079754  0.00073398 -0.0016314   0.00290257 -0.00341088  0.01247975]]\n",
      "31\n",
      "[[ 0.00054482 -0.00040135  0.00041442 -0.00058822  0.00057985 -0.00081648]\n",
      " [-0.00040135  0.00068258 -0.00073301  0.0011163  -0.00086319  0.00065932]\n",
      " [ 0.00041442 -0.00073301  0.00147684 -0.00223284  0.00257567 -0.00163278]\n",
      " [-0.00058822  0.0011163  -0.00223284  0.00438988 -0.00389498  0.00256425]\n",
      " [ 0.00057985 -0.00086319  0.00257567 -0.00389498  0.00723401 -0.00332182]\n",
      " [-0.00081648  0.00065932 -0.00163278  0.00256425 -0.00332182  0.01215362]]\n",
      "32\n",
      "[[ 0.00056297 -0.0004211   0.00049731 -0.00062071  0.00068197 -0.00083364]\n",
      " [-0.0004211   0.00066764 -0.00077796  0.00103937 -0.00089019  0.00058353]\n",
      " [ 0.00049731 -0.00077796  0.00171143 -0.00227035  0.00289254 -0.00162193]\n",
      " [-0.00062071  0.00103937 -0.00227035  0.00402399 -0.00383712  0.00223633]\n",
      " [ 0.00068197 -0.00089019  0.00289254 -0.00383712  0.00771904 -0.00320495]\n",
